500006000
030102000
400080000
006000350
005021000
070004018
004015080
000003000
012640030
090020000
003047000
000950040
001000000
042031090
067000020
050302004
000070500
200400970
070000009
600100000
001052740
007209064
006000000
900008000
004000200
060005000
725800000
060140009
400050000
015002600
000406078
000800020
000000000
058000000
001500284
000760010
007900300
000000760
000070005
900000420
000009071
064000500
046005003
713000000
050000010
800010000
000000190
706300000
057000010
002006009
600090500
000008060
000050700
285900030
000050000
000006192
003100680
001000000
058003019
000060700
000000070
000000806
902070301
197050000
000006000
300790002
002000098
076008000
000900360
003105920
000000000
020300000
020609007
000000560
098370200
957000000
000000080
006000000
400090020
005000300
270003004
000023010
000180600
300900000
000071320
027004086
000000009
280030000
009807004
000000000
200058000
000001083
018640000
000206000
700000010
004005002
046300070
002000000
130084000
000000008
000008670
090000000
504700200
026030980
003000000
400300020
050680040
008000037
000105000
092000600
140690008
000000300
000041800
001089000
309060040
006002003
015903000
900020070
070000004
020007038
007004026
800012000
000300000
300090840
000400000
090030001
000900000
070180500
050000092
080300200
003010084
401000000
008000173
000000048
900000000
053090060
020610500
000000200
001000000
046500700
000200000
065100039
000009604
000450000
840000000
069408027
700000000
030702600
000050032
004900050
400006000
372500000
000000009
000000902
200000000
000043050
005060000
703000008
060090704
007000003
080600200
900002075
000040007
000500004
000000100
040000009
009000325
352090000
000009072
007084010
000001458
000000009
030901040
050006001
014030250
009100030
003074000
070000095
000007006
000000020
007290610
010040025
250060009
541020700
070000004
890700000
000000000
000900060
020000500
501320000
000000000
000109700
000012000
007000050
003900104
809470300
000530001
050000040
070004009
010003205
309250008
007000301
908000000
000487002
000708000
000000000
005030040
000000097
900050800
040020003
003000402
000040310
000000070
300010009
008230000
009405100
400059001
027800004
000100000
000000000
034507200
070030000
890000000
003005400
000000892
709300000
080000100
030207008
900040201
804006000
002100000
100062804
000900003
000000000
905000000
023000000
010003009
360009002
009640050
007000000
040050070
001000004
002060910
090250031
000000200
810063004
000020300
904000028
600000000
108000463
240000000
003000500
008001000
400008030
012000050
000050310
006070000
000000400
060013020
087040000
500200008
004700000
800010205
100520000
000009003
009000004
003000700
000000000
000275009
572800040
850620070
036080000
000010000
000000000
900200386
603701020
701000000
000009000
290070500
080009031
030860204
000034090
050000000
008003000
000600002
020001058
504090003
000000000
080001500
000207000
007086000
060003710
005400020
300000405
000130000
000604030
400000080
006000020
090002400
800940050
000100500
000090000
902860000
010500904
005000360
040000800
000700000
000000106
503012890
205090003
000000615
000008000
000050269
000007000
008023050
200600500
706100023
090300010
028000000
601030000
050000006
500700900
002509030
009002000
400000100
070000000
050000000
008300004
020407056
060080703
005071080
000002045
230004600
900000800
050600420
040805001
008704000
000000000
000201000
001009082
090400016
200000050
000300000
087200603
000000009
500001000
020060590
009000000
078000050
305009200
000810306
000007620
090002408
007430900
061700000
900000000
040800206
384000000
019080002
000000040
400006000
620040500
001007000
007410003
040000000
050003010
000000000
062700380
300025400
400705000
003000000
000000040
782590000
000400670
040003000
500080004
900600700
000000358
910000000
600000001
000230000
309000000
070900040
400800030
100020080
008090006
702040009
020800000
000000360
500700048
000000603
060000000
809005007
947000000
030006809
006007000
005000862
002090000
000007100
260009700
089500000
000010000
000008000
701000240
000005016
004010003
002630000
000007090
210000070
000240000
090008006
000080100
000700000
060902034
000000004
900506000
060000000
036090100
000050840
080601030
010904350
050300000
800000710
040000005
200080000
000209000
050070600
000002051
800900720
000104000
900608007
500000009
070000800
200068090
050000002
000600000
031087200
000903500
510000000
002100000
009002030
000100047
000007000
200084009
000021800
040508706
000000020
000050100
100000408
078000050
409700058
005480010
000030000
000903004
000000000
000274300
002000005
000000890
098050047
021800970
098037000
000120000
300008000
000000104
000000000
085410007
907000200
000073050
000105000
176000000
035000008
007900004
004000006
000000800
601870049
049050003
700090050
008500603
000000040
502010000
006050800
001078000
004000020
000000400
030024000
060803070
000004078
090062010
004910000
030000001
002600090
017000000
809000067
600800003
020000000
000040000
320007005
095000070
569000000
000000000
007394060
000031000
000009620
100650000
000000000
010350000
070008400
004200035
009100004
000070029
950400701
020000000
008000003
090651080
000040000
004308000
000403000
050006100
020000040
380100200
100000538
002009000
920570360
000080590
035010002
861050200
000000070
092000000
076000000
080096120
200000000
100600000
070050090
060030020
020000000
001009003
605000400
000200000
050000000
009013072
302008000
070000030
900206740
000050200
003000600
204000078
000004000
000700460
006902000
000710000
000635170
000002000
060070090
000004021
025061300
000050000
010000960
670000035
003000200
064000005
000200009
805063090
009008507
076040000
000070604
000400080
000002000
700004500
514080002
020900000
008120000
000005007
000800000
000030080
005012900
000000740
000090800
800003090
019000502
300004000
080300020
002700100
000000470
005000001
070080300
009000000
520319008
710000000
002000000
080065000
650800070
005000000
800500031
000290086
000002160
000075003
340000000
403000000
000103080
700000005
080400010
000000020
006008350
003805076
007031509
802000010
009000001
026000030
700508060
005006000
008000020
010000000
000000002
000147600
000090000
900000403
760000000
000230000
029005060
400000200
010006709
105004300
020000056
300000000
070000860
003000200
000200004
060050102
400000075
030010000
907000000
400000000
601090000
008500007
000070900
065000040
500408130
004900050
010007680
270400900
001000540
060030000
006000000
000005600
390000000
000012009
507340206
040000000
050000400
200030051
700910600
930050010
067102000
000000004
000700000
000600037
000020046
045080020
782000005
300000000
200800000
000760042
070009060
403005000
890206003
050000004
300010200
800200000
040070000
000037089
700601004
006400000
200140008
000009000
100826000
000080000
702500018
000000004
020000000
003000007
907003501
008700042
001042789
000000003
200900000
050000100
900501000
000030209
030006000
000102000
000049506
840060910
500300040
805006030
000309000
400080702
500900008
000807006
000000050
030605090
070020000
008000000
000000589
050300020
900070030
020080013
400000007
031020900
008005000
700000090
040000100
000100500
000026000
300905200
001000900
000608030
700003010
100270009
600000300
280000105
802006030
005700064
000250700
506410007
700000003
000060000
000000001
000000820
600008500
040701000
700000000
000000000
620504830
408003700
000006001
004105070
300060000
007438016
040000000
500010034
006000100
089650000
030000400
015002080
000000329
000000600
902004051
400008300
000006200
000000749
050000678
000000050
070080004
000025000
005460002
900070060
030009604
200000005
490010000
300050200
020084001
000901008
009040503
810000000
000000000
000009800
670050092
302000500
005007960
000400008
006008000
200000000
500000607
060700003
010000804
602001090
008000000
091400000
700030006
000210300
030007400
000000071
000000080
000006050
000053420
000001008
063070800
050004006
018000270
001000300
000460107
080000002
000000010
600003700
010052000
000060030
000017000
300000000
030805002
250704860
708000040
006005209
000070001
070102005
750620300
000010700
040000000
000200000
013090000
900034000
800004006
000800100
120006008
084007060
010069500
009001047
000705000
460000002
050000000
000324500
000750004
000000000
600000200
000006190
072030000
700001039
030460010
000000600
030600080
002830900
000004005
501008600
090306000
000210009
000000800
320500000
000900420
400000090
000000003
050010800
160089305
005000000
080300006
830001060
094000080
001000007
010360000
006051000
902000000
730000605
025000980
000000000
090700000
200800300
107006000
000070000
030100042
500200000
020700030
006038000
470000008
280000000
000060007
040081003
001003860
000000000
060800734
070000010
000000920
010009400
002000600
003608097
086020000
100030000
000807000
036492000
060020009
010900408
700008006
000089000
003040800
090301000
000400130
008002070
000008000
100083040
004500090
005010023
070000000
030007000
400000002
000700300
201009507
090001000
050290708
000008000
000300200
000814000
000000000
080027900